Count,Throughput,TotalLatency,MaxLatency,MinLatency,AvgLatency,Total
0.0,0.0,0.0,0.0,10000.0,0.0,0.0
431.0,215.5,1859.278076171875,10.6064453125,3.388916015625,4.313870246338457,431.0
467.0,233.5,1952.59521484375,21.38720703125,3.393310546875,4.181146070329229,899.0
473.0,236.5,1956.1962890625,16.80712890625,3.35205078125,4.135721541358351,1372.0
477.0,238.5,1954.423095703125,8.75341796875,3.40673828125,4.097323051788522,1849.0
472.0,236.0,1954.599853515625,7.360595703125,3.38916015625,4.141101384567002,2321.0
480.0,240.0,1952.52001953125,8.094970703125,3.37841796875,4.067750040690104,2801.0
476.0,238.0,1954.356689453125,22.7021484375,3.364990234375,4.105791364397321,3277.0
462.0,231.0,1956.62353515625,30.353271484375,3.413330078125,4.23511587696158,3739.0
472.0,236.0,1953.988037109375,17.35693359375,3.396240234375,4.13980516336732,4211.0
465.0,232.5,1932.993408203125,19.637451171875,3.369140625,4.1569750714045695,4677.0
458.0,229.0,1957.3515625,19.858642578125,3.486328125,4.27369336790393,5135.0
455.0,227.5,1956.882568359375,25.625244140625,3.518798828125,4.300840809581044,5590.0
469.0,234.5,1954.93017578125,13.888916015625,3.501220703125,4.168294617870469,6059.0
464.0,232.0,1957.858642578125,9.041748046875,3.470458984375,4.219522936590787,6523.0
457.0,228.5,1954.331298828125,11.37060546875,3.527099609375,4.276436102468545,6980.0
458.0,229.0,1955.875244140625,28.769287109375,3.465087890625,4.270469965372544,7438.0
457.0,228.5,1948.937255859375,9.15576171875,3.490966796875,4.264632944987691,7896.0
416.0,208.0,1941.664794921875,13.319091796875,3.58349609375,4.66746344933143,8312.0
465.0,232.5,1947.541748046875,7.95166015625,3.515869140625,4.18826182375672,8778.0
470.0,235.0,1951.504638671875,7.998046875,3.472900390625,4.152137529089096,9248.0
447.0,223.5,1953.95361328125,23.30078125,3.47216796875,4.371260879823826,9696.0
456.0,228.0,1941.017333984375,13.420654296875,3.48876953125,4.2566169604920505,10152.0
459.0,229.5,1970.100830078125,25.072509765625,3.503173828125,4.292158671194172,10611.0
458.0,229.0,1953.87548828125,8.39794921875,3.505615234375,4.266103686203603,11069.0
448.0,224.0,1953.420654296875,29.734130859375,3.49951171875,4.360313960484096,11518.0
449.0,224.5,1952.801513671875,31.18017578125,3.47705078125,4.349223861184577,11967.0
459.0,229.5,1956.374755859375,9.428466796875,3.481689453125,4.262254370063998,12426.0
465.0,232.5,1955.054443359375,7.632080078125,3.4931640625,4.204418157762097,12891.0
456.0,228.0,1952.263427734375,22.8671875,3.52587890625,4.28127944678591,13348.0
458.0,229.0,1953.96142578125,8.633056640625,3.575439453125,4.2662913226664845,13806.0
457.0,228.5,1954.4267578125,24.2431640625,3.54833984375,4.276644984272429,14263.0
461.0,230.5,1957.756103515625,7.531005859375,3.557861328125,4.246759443634762,14724.0
455.0,227.5,1951.98828125,22.780029296875,3.555908203125,4.290084134615385,15179.0
456.0,228.0,1949.85595703125,8.698974609375,3.552490234375,4.275999905770285,15636.0
455.0,227.5,1950.664794921875,11.999267578125,3.5595703125,4.28717537345467,16091.0
460.0,230.0,1955.395263671875,8.29443359375,3.521240234375,4.250859268851902,16551.0
448.0,224.0,1949.56396484375,27.84375,3.4208984375,4.351705278669085,16999.0
453.0,226.5,1939.96533203125,23.749267578125,3.514404296875,4.282484176669426,17453.0
466.0,233.0,1951.68310546875,8.042236328125,3.508056640625,4.188161170533799,17920.0
462.0,231.0,1951.2607421875,6.7626953125,3.528564453125,4.2235080999729435,18382.0
456.0,228.0,1951.05517578125,22.755126953125,3.518310546875,4.27862977145011,18839.0
451.0,225.5,1949.737060546875,20.68994140625,3.50634765625,4.323142041123892,19290.0
422.0,211.0,1949.673095703125,29.657958984375,3.5615234375,4.620078425836789,19712.0
449.0,224.5,1948.53662109375,13.2109375,3.554443359375,4.33972521401726,20162.0
462.0,231.0,1948.830810546875,17.303466796875,3.518310546875,4.2182485076772185,20625.0
459.0,229.5,1957.12939453125,22.635498046875,3.49755859375,4.263898463031046,21084.0
443.0,221.5,1950.4189453125,18.6376953125,3.543212890625,4.402751569554176,21527.0
442.0,221.0,1947.399658203125,18.95361328125,3.524658203125,4.405881579645079,21969.0
446.0,223.0,1952.846435546875,26.933837890625,3.525146484375,4.378579451898823,22415.0
468.0,234.0,1952.544189453125,22.977783203125,3.331787109375,4.172102968916934,22883.0
472.0,236.0,1950.49609375,17.71044921875,3.2431640625,4.132406978283898,23355.0
463.0,231.5,1957.77783203125,15.39892578125,3.50341796875,4.228461840240281,23818.0
462.0,231.0,1948.84033203125,10.819580078125,3.546875,4.218269116950758,24281.0
462.0,231.0,1953.240478515625,22.7822265625,3.3095703125,4.227793243540314,24743.0
461.0,230.5,1952.379150390625,20.01806640625,3.5478515625,4.235095770912419,25205.0
464.0,232.0,1948.74951171875,15.37451171875,3.388916015625,4.19989118904903,25669.0
471.0,235.5,1954.97021484375,15.5283203125,3.3720703125,4.150679861664012,26140.0
472.0,236.0,1949.12939453125,11.0107421875,3.38623046875,4.1295114290916315,26613.0
479.0,239.5,1954.647216796875,7.8232421875,3.38671875,4.0806831248368995,27092.0
468.0,234.0,1945.180908203125,13.13330078125,3.426513671875,4.156369461972489,27561.0
462.0,231.0,1951.988037109375,18.658447265625,3.428955078125,4.225082331405574,28023.0
481.0,240.5,1948.235107421875,6.082275390625,3.263916015625,4.050384838714917,28504.0
478.0,239.0,1950.89794921875,7.5791015625,3.39404296875,4.0813764628007325,28983.0
471.0,235.5,1953.9580078125,21.895263671875,3.3994140625,4.148530802149682,29454.0
466.0,233.0,1948.137451171875,11.184814453125,3.403076171875,4.180552470325912,29921.0
472.0,236.0,1952.724365234375,21.184326171875,3.387939453125,4.13712789244571,30394.0
474.0,237.0,1957.56494140625,7.417236328125,3.39794921875,4.129883842629219,30868.0
472.0,236.0,1952.7138671875,10.91650390625,3.399658203125,4.137105650820975,31340.0
471.0,235.5,1947.503173828125,6.6103515625,3.36181640625,4.134826271397293,31812.0
462.0,231.0,1952.988037109375,12.047607421875,3.390380859375,4.227246833570076,32274.0
465.0,232.5,1947.09423828125,19.665283203125,3.279296875,4.187299437163978,32739.0
446.0,223.0,1953.114013671875,34.10009765625,3.494140625,4.3791794028517375,33185.0
449.0,224.5,1950.31201171875,31.2216796875,3.4921875,4.343679313404788,33635.0
423.0,211.5,1957.47607421875,51.092041015625,3.552734375,4.62760301233747,34058.0
430.0,215.0,1951.5146484375,70.88818359375,3.548828125,4.538406159156977,34488.0
448.0,224.0,1956.424072265625,42.79736328125,3.5048828125,4.3670180184500555,34936.0
435.0,217.5,1946.24853515625,17.968017578125,3.58740234375,4.474134563577586,35371.0
331.0,165.5,1934.086669921875,38.29736328125,3.916015625,5.843162144779079,35703.0
443.0,221.5,1942.320068359375,13.870849609375,3.44921875,4.384469680269469,36146.0
462.0,231.0,1943.2412109375,7.704345703125,3.3994140625,4.206149807224026,36609.0
458.0,229.0,1950.0263671875,21.5361328125,3.447509765625,4.257699491675764,37067.0
466.0,233.0,1956.7392578125,17.259521484375,3.416748046875,4.199011282859442,37533.0
469.0,234.5,1953.91162109375,13.02880859375,3.434326171875,4.166122859474947,38002.0
472.0,236.0,1951.9755859375,7.603271484375,3.457763671875,4.135541495630297,38474.0
462.0,231.0,1954.533447265625,18.027587890625,3.486572265625,4.230591877198322,38936.0
464.0,232.0,1940.1201171875,6.33740234375,3.381591796875,4.181293356007543,39401.0
465.0,232.5,1953.85498046875,8.0615234375,3.558349609375,4.201838667674731,39866.0
462.0,231.0,1956.96142578125,22.051025390625,3.49072265625,4.235847241950758,40328.0
466.0,233.0,1951.553466796875,11.270263671875,3.529296875,4.187882975958959,40795.0
465.0,232.5,1953.705322265625,8.35009765625,3.53759765625,4.201516822076613,41260.0
455.0,227.5,1946.931884765625,11.571533203125,3.582275390625,4.278971175309066,41716.0
462.0,231.0,1955.64990234375,9.83935546875,3.5517578125,4.2330084466314934,42178.0
456.0,228.0,1953.71875,13.1572265625,3.54638671875,4.284470942982456,42634.0
443.0,221.5,1951.523193359375,23.615234375,3.543212890625,4.405244228802201,43078.0
452.0,226.0,1949.136474609375,24.08056640625,3.5439453125,4.312248837631361,43530.0
463.0,231.5,1953.510498046875,6.361572265625,3.552734375,4.219245136170357,43993.0
450.0,225.0,1949.713623046875,33.64453125,3.543212890625,4.332696940104166,44444.0
458.0,229.0,1954.446533203125,8.95751953125,3.54345703125,4.267350509177128,44902.0
457.0,228.5,1948.184326171875,20.64501953125,3.531005859375,4.262985396437363,45359.0
455.0,227.5,1949.74462890625,10.04736328125,3.575927734375,4.285153030563187,45815.0
464.0,232.0,1954.142333984375,7.770751953125,3.56396484375,4.211513650828395,46279.0
457.0,228.5,1953.262939453125,15.308349609375,3.568359375,4.274098335783643,46736.0
462.0,231.0,1952.41943359375,6.58154296875,3.55322265625,4.226016090029762,47198.0
464.0,232.0,1945.7451171875,9.822265625,3.216796875,4.193416200835129,47662.0
472.0,236.0,1953.132568359375,20.52978515625,3.429931640625,4.137992729574947,48134.0
472.0,236.0,1952.470703125,10.023681640625,3.407958984375,4.136590472722458,48606.0
440.0,220.0,1946.15625,29.76904296875,3.396484375,4.423082386363636,49046.0
407.0,203.5,1927.142822265625,13.261474609375,3.41357421875,4.7349946493012895,49453.0
483.0,241.5,1950.099853515625,6.94091796875,3.3251953125,4.037473816802536,49936.0
474.0,237.0,1955.113037109375,22.5234375,3.344970703125,4.124711048753956,50410.0
473.0,236.5,1954.2958984375,18.23974609375,3.37451171875,4.131703802193446,50883.0
483.0,241.5,1950.9228515625,15.03564453125,3.277099609375,4.039177746506211,51367.0
479.0,239.5,1952.472412109375,8.279296875,3.346923828125,4.076142822775314,51846.0
474.0,237.0,1949.3671875,12.588623046875,3.371826171875,4.112589003164557,52321.0
458.0,229.0,1946.194091796875,20.86083984375,3.26708984375,4.2493320781591155,52779.0
466.0,233.0,1951.620849609375,7.59619140625,3.45751953125,4.188027574269045,53246.0
452.0,226.0,1952.375732421875,9.969970703125,3.5859375,4.319415337216538,53698.0
463.0,231.5,1953.612060546875,9.038818359375,3.504150390625,4.219464493621761,54161.0
462.0,231.0,1958.341796875,7.170654296875,3.552978515625,4.238835058170996,54623.0
448.0,224.0,1956.595458984375,30.29150390625,3.546142578125,4.367400578090122,55071.0
458.0,229.0,1956.302978515625,24.717041015625,3.457763671875,4.271403883221889,55529.0
477.0,238.5,1946.953369140625,7.684326171875,3.275390625,4.081663247674266,56006.0
475.0,237.5,1958.912353515625,6.461181640625,3.359130859375,4.124026007401316,56481.0
469.0,234.5,1946.015625,11.292236328125,3.419677734375,4.149287046908316,56951.0
466.0,233.0,1953.657470703125,21.04541015625,3.365966796875,4.1923980058006975,57417.0
467.0,233.5,1952.67822265625,11.87841796875,3.439453125,4.18132381725107,57884.0
472.0,236.0,1953.987548828125,8.239990234375,3.399658203125,4.139804128873146,58356.0
468.0,234.0,1949.27294921875,16.36181640625,3.237060546875,4.165113139356303,58824.0
468.0,234.0,1954.946044921875,17.376953125,3.408447265625,4.177235138721955,59292.0
467.0,233.5,1958.218017578125,23.73828125,3.41064453125,4.1931863331437365,59759.0
463.0,231.5,1951.380859375,22.877197265625,3.403564453125,4.214645484611231,60222.0
477.0,238.5,1954.41943359375,6.548095703125,3.3955078125,4.097315374410377,60699.0
473.0,236.5,1956.76953125,10.53076171875,3.411376953125,4.13693346987315,61172.0
478.0,239.0,1954.189208984375,15.178955078125,3.380126953125,4.088261943481956,61650.0
478.0,239.0,1949.613037109375,6.4541015625,3.26025390625,4.078688362153504,62128.0
465.0,232.5,1958.231201171875,20.922119140625,3.387939453125,4.21124989499328,62593.0
456.0,228.0,1949.802978515625,9.885986328125,3.450927734375,4.2758837248149675,63049.0
408.0,204.0,1939.538330078125,15.1572265625,3.448974609375,4.753770416858149,63457.0
463.0,231.5,1956.74462890625,46.552734375,3.398193359375,4.226230300013499,63920.0
475.0,237.5,1955.693115234375,20.653076171875,3.382080078125,4.117248663651316,64395.0
472.0,236.0,1955.2392578125,21.61669921875,3.370849609375,4.1424560546875,64867.0
485.0,242.5,1953.593505859375,7.65283203125,3.19921875,4.028027847132732,65352.0
478.0,239.0,1955.401123046875,15.01708984375,3.429931640625,4.0907973285499475,65830.0
470.0,235.0,1951.379150390625,29.28564453125,3.32421875,4.151870532746011,66301.0
478.0,239.0,1953.78857421875,9.358642578125,3.37109375,4.087423795436716,66779.0
472.0,236.0,1944.002685546875,23.697509765625,3.231201171875,4.118649757514565,67252.0
466.0,233.0,1954.1396484375,27.741943359375,3.408935546875,4.193432721968884,67718.0
473.0,236.5,1955.134765625,8.207763671875,3.356201171875,4.133477305761099,68191.0
467.0,233.5,1955.4130859375,17.3515625,3.425537109375,4.1871800555406855,68658.0
466.0,233.0,1951.564453125,11.58447265625,3.38916015625,4.187906551770387,69124.0
461.0,230.5,1958.369873046875,21.1923828125,3.41650390625,4.248090830904284,69585.0
468.0,234.0,1953.5703125,8.086181640625,3.43115234375,4.174295539529915,70053.0
464.0,232.0,1947.302734375,7.290771484375,3.386474609375,4.196773134428879,70517.0
461.0,230.5,1956.14013671875,8.088623046875,3.566650390625,4.243254092665401,70978.0
463.0,231.5,1952.379638671875,6.683349609375,3.601806640625,4.216802675317225,71441.0
455.0,227.5,1956.8330078125,30.170166015625,3.557861328125,4.300731885302198,71896.0
459.0,229.5,1954.3203125,7.53466796875,3.52978515625,4.257778458605665,72355.0
456.0,228.0,1957.26904296875,22.06884765625,3.530029296875,4.292256673177083,72811.0
460.0,230.0,1956.212158203125,9.834228515625,3.494384765625,4.252635126528532,73271.0
464.0,232.0,1953.514892578125,11.979736328125,3.176025390625,4.210161406418373,73735.0
474.0,237.0,1952.35546875,7.57470703125,3.456787109375,4.118893393987341,74209.0
472.0,236.0,1946.010498046875,8.33056640625,3.427978515625,4.122903597556938,74681.0
447.0,223.5,1951.778564453125,24.447021484375,3.61279296875,4.366394998776566,75128.0
460.0,230.0,1949.78466796875,13.280029296875,3.572509765625,4.238662321671196,75589.0
462.0,231.0,1950.0185546875,12.712890625,3.566650390625,4.220819382440476,76052.0
456.0,228.0,1951.359375,8.548095703125,3.522216796875,4.279296875,76509.0
447.0,223.5,1949.80615234375,14.09765625,3.607666015625,4.361982443722035,76956.0
431.0,215.5,1931.619873046875,29.185791015625,3.541748046875,4.4817166428001745,77389.0
448.0,224.0,1946.023681640625,21.95703125,3.6025390625,4.343802860804966,77838.0
453.0,226.5,1949.425048828125,13.411376953125,3.552978515625,4.30336655370447,78291.0
458.0,229.0,1956.326416015625,12.6318359375,3.467041015625,4.271455056802675,78749.0
462.0,231.0,1957.38916015625,8.383056640625,3.535888671875,4.2367730739312774,79211.0
461.0,230.5,1953.642822265625,20.958984375,3.50390625,4.237836924654284,79672.0
453.0,226.5,1953.875244140625,8.595458984375,3.56884765625,4.313190384416391,80125.0
463.0,231.5,1949.35302734375,7.4306640625,3.37939453125,4.2102657178050755,80588.0
442.0,221.0,1956.138916015625,28.54736328125,3.518798828125,4.425653656143948,81030.0
441.0,220.5,1957.75146484375,30.7431640625,3.56982421875,4.439345725269274,81471.0
470.0,235.0,1958.206787109375,11.88427734375,3.5361328125,4.166397419381649,81941.0
457.0,228.5,1949.91064453125,17.566650390625,3.5244140625,4.266762898317833,82399.0
464.0,232.0,1956.261474609375,12.271240234375,3.517578125,4.216080764244342,82863.0
458.0,229.0,1954.370849609375,15.412353515625,3.509765625,4.2671852611558405,83321.0
452.0,226.0,1954.2587890625,26.64208984375,3.468017578125,4.323581391731195,83773.0
468.0,234.0,1957.486083984375,13.268310546875,3.480712890625,4.182662572616186,84241.0
467.0,233.5,1956.304443359375,6.302734375,3.535400390625,4.189088743810225,84708.0
455.0,227.5,1955.0517578125,13.522705078125,3.50341796875,4.296817050137363,85163.0
457.0,228.5,1950.24609375,22.3134765625,3.411376953125,4.2674969228665205,85620.0
465.0,232.5,1952.9541015625,7.44677734375,3.521240234375,4.199901293682796,86085.0
459.0,229.5,1951.072265625,15.17626953125,3.4775390625,4.25070210375817,86545.0
463.0,231.5,1953.165771484375,7.398681640625,3.496337890625,4.218500586359341,87008.0
458.0,229.0,1953.561279296875,14.0029296875,3.52783203125,4.26541764038619,87467.0
452.0,226.0,1957.1904296875,27.29443359375,3.513427734375,4.330067322317478,87919.0
461.0,230.5,1952.993408203125,11.716552734375,3.5205078125,4.236428217360358,88380.0
461.0,230.5,1957.961181640625,36.556640625,3.232421875,4.247204298569685,88841.0
457.0,228.5,1956.614013671875,27.45166015625,3.4775390625,4.281431102126641,89298.0
470.0,235.0,1949.276123046875,14.64892578125,3.196044921875,4.147396006482713,89768.0
465.0,232.5,1953.676513671875,23.183349609375,3.405029296875,4.2014548681115595,90233.0
455.0,227.5,1948.8017578125,9.474609375,3.455810546875,4.283080786401099,90688.0
429.0,214.5,1942.11328125,12.60791015625,3.48974609375,4.527070585664336,91117.0
471.0,235.5,1955.96923828125,15.7265625,3.36279296875,4.15280093053344,91588.0
469.0,234.5,1947.26220703125,6.842041015625,3.409912109375,4.151945004331023,92058.0
465.0,232.5,1955.278076171875,22.82373046875,3.375732421875,4.204899088541667,92523.0
454.0,227.0,1952.58837890625,21.769775390625,3.243408203125,4.300855460145925,92977.0
459.0,229.5,1951.305908203125,32.92578125,3.49365234375,4.251211128982843,93437.0
465.0,232.5,1955.818603515625,7.5576171875,3.454345703125,4.206061512936828,93902.0
464.0,232.0,1949.1611328125,23.301025390625,3.13134765625,4.200778303475215,94366.0
476.0,238.0,1956.46630859375,8.660400390625,3.39013671875,4.110223337381828,94842.0
478.0,239.0,1950.95068359375,6.212158203125,3.36181640625,4.081486785760983,95321.0
479.0,239.5,1953.9833984375,23.906982421875,3.398193359375,4.079297282750522,95800.0
472.0,236.0,1950.659423828125,22.123779296875,3.383056640625,4.132753016585011,96273.0
473.0,236.5,1947.1015625,7.1025390625,3.36474609375,4.116493789640592,96746.0
457.0,228.5,1953.337890625,28.61474609375,3.5166015625,4.274262342724289,97204.0
466.0,233.0,1955.845703125,6.970703125,3.570556640625,4.197093783530043,97670.0
466.0,233.0,1954.712646484375,8.6494140625,3.5009765625,4.194662331511534,98136.0
466.0,233.0,1951.395263671875,11.52099609375,3.464111328125,4.18754348427441,98603.0
463.0,231.5,1951.293701171875,13.431884765625,3.44873046875,4.214457237952214,99067.0
459.0,229.5,1956.3896484375,33.379638671875,3.523193359375,4.262286815767974,99526.0
471.0,235.5,1948.802490234375,20.7685546875,3.18359375,4.13758490495621,99998.0
2.0,65.37868254512578,34.8916015625,29.716064453125,5.175537109375,17.44580078125,100000.0
